matrix,dominant-eigenvalue
"[[85, 64, 38, 21, 22, 27, 37, 78, 93, 61, 77, 30, 39, 10, 17, 82, 38, 30, 68, 25], [64, 10, 39, 71, 54, 57, 59, 78, 17, 51, 47, 84, 66, 15, 63, 15, 45, 15, 61, 22], [38, 39, 34, 51, 41, 34, 21, 22, 34, 39, 28, 22, 89, 57, 33, 43, 71, 84, 35, 67], [21, 71, 51, 94, 27, 34, 65, 59, 65, 61, 48, 72, 58, 55, 32, 60, 75, 29, 27, 17], [22, 54, 41, 27, 52, 33, 49, 63, 92, 70, 56, 62, 87, 70, 40, 69, 67, 42, 76, 81], [27, 57, 34, 34, 33, 5, 76, 37, 70, 73, 48, 28, 77, 43, 74, 33, 61, 41, 70, 39], [37, 59, 21, 65, 49, 76, 3, 57, 25, 38, 55, 68, 46, 77, 34, 48, 39, 47, 75, 75], [78, 78, 22, 59, 63, 37, 57, 84, 37, 39, 35, 30, 31, 16, 46, 41, 25, 27, 39, 32], [93, 17, 34, 65, 92, 70, 25, 37, 83, 53, 36, 36, 49, 75, 68, 89, 48, 56, 57, 69], [61, 51, 39, 61, 70, 73, 38, 39, 53, 24, 77, 78, 52, 88, 70, 54, 35, 58, 11, 31], [77, 47, 28, 48, 56, 48, 55, 35, 36, 77, 73, 54, 37, 30, 41, 61, 78, 42, 29, 64], [30, 84, 22, 72, 62, 28, 68, 30, 36, 78, 54, 8, 48, 40, 35, 19, 55, 59, 37, 48], [39, 66, 89, 58, 87, 77, 46, 31, 49, 52, 37, 48, 54, 88, 50, 60, 31, 81, 37, 71], [10, 15, 57, 55, 70, 43, 77, 16, 75, 88, 30, 40, 88, 60, 22, 63, 56, 12, 35, 8], [17, 63, 33, 32, 40, 74, 34, 46, 68, 70, 41, 35, 50, 22, 53, 80, 46, 52, 52, 11], [82, 15, 43, 60, 69, 33, 48, 41, 89, 54, 61, 19, 60, 63, 80, 23, 58, 40, 48, 63], [38, 45, 71, 75, 67, 61, 39, 25, 48, 35, 78, 55, 31, 56, 46, 58, 16, 22, 67, 95], [30, 15, 84, 29, 42, 41, 47, 27, 56, 58, 42, 59, 81, 12, 52, 40, 22, 77, 58, 59], [68, 61, 35, 27, 76, 70, 75, 39, 57, 11, 29, 37, 37, 35, 52, 48, 67, 58, 27, 91], [25, 22, 67, 17, 81, 39, 75, 32, 69, 31, 64, 48, 71, 8, 11, 63, 95, 59, 91, 64]]",1003.9383745
"[[73, 40, 30, 57, 43, 47, 18, 27, 47, 72, 40, 74, 20, 31, 21, 5, 74, 85, 69, 29], [40, 1, 61, 34, 50, 22, 66, 47, 76, 69, 47, 57, 50, 33, 58, 83, 28, 86, 68, 55], [30, 61, 13, 79, 56, 71, 83, 69, 40, 42, 21, 48, 56, 19, 55, 39, 71, 70, 21, 60], [57, 34, 79, 79, 38, 49, 41, 26, 62, 47, 87, 22, 25, 43, 78, 20, 66, 46, 58, 13], [43, 50, 56, 38, 53, 68, 54, 45, 24, 24, 62, 16, 48, 50, 71, 43, 59, 46, 61, 53], [47, 22, 71, 49, 68, 49, 28, 50, 29, 58, 37, 45, 61, 16, 53, 61, 38, 9, 26, 60], [18, 66, 83, 41, 54, 28, 49, 61, 64, 54, 32, 32, 69, 89, 92, 27, 35, 46, 41, 11], [27, 47, 69, 26, 45, 50, 61, 30, 59, 13, 52, 28, 60, 27, 72, 65, 74, 33, 42, 62], [47, 76, 40, 62, 24, 29, 64, 59, 35, 44, 47, 81, 48, 47, 76, 57, 58, 39, 55, 27], [72, 69, 42, 47, 24, 58, 54, 13, 44, 62, 56, 37, 43, 85, 64, 69, 83, 37, 37, 51], [40, 47, 21, 87, 62, 37, 32, 52, 47, 56, 29, 21, 58, 34, 58, 24, 54, 71, 35, 21], [74, 57, 48, 22, 16, 45, 32, 28, 81, 37, 21, 76, 29, 59, 71, 55, 76, 65, 63, 59], [20, 50, 56, 25, 48, 61, 69, 60, 48, 43, 58, 29, 16, 58, 46, 44, 82, 53, 30, 48], [31, 33, 19, 43, 50, 16, 89, 27, 47, 85, 34, 59, 58, 60, 59, 54, 27, 18, 69, 52], [21, 58, 55, 78, 71, 53, 92, 72, 76, 64, 58, 71, 46, 59, 45, 81, 35, 58, 67, 41], [5, 83, 39, 20, 43, 61, 27, 65, 57, 69, 24, 55, 44, 54, 81, 9, 81, 38, 22, 48], [74, 28, 71, 66, 59, 38, 35, 74, 58, 83, 54, 76, 82, 27, 35, 81, 8, 71, 29, 67], [85, 86, 70, 46, 46, 9, 46, 33, 39, 37, 71, 65, 53, 18, 58, 38, 71, 79, 49, 30], [69, 68, 21, 58, 61, 26, 41, 42, 55, 37, 35, 63, 30, 69, 67, 22, 29, 49, 95, 48], [29, 55, 60, 13, 53, 60, 11, 62, 27, 51, 21, 59, 48, 52, 41, 48, 67, 30, 48, 64]]",989.6182837
"[[18, 50, 32, 20, 35, 52, 13, 61, 39, 45, 75, 41, 28, 44, 45, 48, 92, 63, 51, 55], [50, 47, 67, 48, 52, 69, 86, 38, 90, 30, 44, 59, 54, 37, 50, 67, 36, 66, 44, 32], [32, 67, 34, 40, 70, 16, 55, 83, 69, 65, 62, 54, 14, 39, 45, 50, 42, 62, 54, 71], [20, 48, 40, 93, 38, 27, 86, 29, 42, 47, 54, 74, 61, 26, 70, 38, 14, 56, 74, 62], [35, 52, 70, 38, 36, 77, 17, 35, 81, 25, 63, 47, 74, 54, 7, 52, 59, 87, 46, 71], [52, 69, 16, 27, 77, 27, 51, 31, 60, 51, 38, 18, 42, 16, 20, 41, 31, 43, 48, 40], [13, 86, 55, 86, 17, 51, 82, 50, 51, 44, 29, 27, 59, 19, 46, 61, 47, 47, 57, 5], [61, 38, 83, 29, 35, 31, 50, 40, 77, 77, 58, 19, 76, 63, 47, 49, 33, 27, 45, 60], [39, 90, 69, 42, 81, 60, 51, 77, 33, 28, 22, 63, 48, 64, 53, 40, 69, 78, 66, 70], [45, 30, 65, 47, 25, 51, 44, 77, 28, 70, 38, 34, 13, 83, 24, 48, 38, 83, 36, 55], [75, 44, 62, 54, 63, 38, 29, 58, 22, 38, 79, 50, 54, 62, 41, 55, 52, 21, 39, 30], [41, 59, 54, 74, 47, 18, 27, 19, 63, 34, 50, 6, 75, 46, 49, 43, 30, 10, 80, 72], [28, 54, 14, 61, 74, 42, 59, 76, 48, 13, 54, 75, 20, 23, 52, 66, 31, 37, 38, 75], [44, 37, 39, 26, 54, 16, 19, 63, 64, 83, 62, 46, 23, 2, 21, 59, 61, 47, 69, 67], [45, 50, 45, 70, 7, 20, 46, 47, 53, 24, 41, 49, 52, 21, 30, 52, 56, 7, 24, 3], [48, 67, 50, 38, 52, 41, 61, 49, 40, 48, 55, 43, 66, 59, 52, 6, 53, 59, 7, 54], [92, 36, 42, 14, 59, 31, 47, 33, 69, 38, 52, 30, 31, 61, 56, 53, 3, 25, 61, 14], [63, 66, 62, 56, 87, 43, 47, 27, 78, 83, 21, 10, 37, 47, 7, 59, 25, 94, 77, 53], [51, 44, 54, 74, 46, 48, 57, 45, 66, 36, 39, 80, 38, 69, 24, 7, 61, 77, 93, 41], [55, 32, 71, 62, 71, 40, 5, 60, 70, 55, 30, 72, 75, 67, 3, 54, 14, 53, 41, 40]]",965.55592
"[[8, 38, 62, 62, 86, 26, 49, 60, 32, 49, 50, 85, 87, 78, 51, 51, 11, 45, 51, 73], [38, 91, 16, 35, 55, 45, 60, 55, 78, 33, 34, 62, 53, 44, 59, 31, 58, 29, 76, 87], [62, 16, 2, 45, 70, 53, 47, 28, 63, 45, 64, 31, 27, 51, 46, 59, 40, 47, 31, 55], [62, 35, 45, 44, 39, 59, 80, 19, 96, 58, 41, 44, 9, 35, 41, 53, 30, 63, 57, 8], [86, 55, 70, 39, 86, 76, 19, 56, 11, 28, 25, 26, 40, 62, 30, 17, 56, 63, 37, 41], [26, 45, 53, 59, 76, 61, 27, 44, 38, 89, 13, 48, 17, 56, 47, 59, 77, 56, 37, 12], [49, 60, 47, 80, 19, 27, 29, 59, 31, 73, 47, 46, 67, 32, 49, 79, 62, 29, 30, 77], [60, 55, 28, 19, 56, 44, 59, 64, 67, 24, 35, 72, 47, 81, 47, 33, 33, 70, 40, 62], [32, 78, 63, 96, 11, 38, 31, 67, 68, 73, 70, 74, 18, 50, 75, 67, 52, 50, 65, 40], [49, 33, 45, 58, 28, 89, 73, 24, 73, 84, 77, 67, 46, 27, 77, 60, 86, 39, 36, 49], [50, 34, 64, 41, 25, 13, 47, 35, 70, 77, 25, 73, 43, 98, 18, 5, 71, 33, 42, 42], [85, 62, 31, 44, 26, 48, 46, 72, 74, 67, 73, 77, 67, 42, 5, 64, 56, 9, 19, 59], [87, 53, 27, 9, 40, 17, 67, 47, 18, 46, 43, 67, 45, 30, 78, 64, 82, 17, 34, 66], [78, 44, 51, 35, 62, 56, 32, 81, 50, 27, 98, 42, 30, 86, 73, 59, 58, 70, 48, 4], [51, 59, 46, 41, 30, 47, 49, 47, 75, 77, 18, 5, 78, 73, 23, 19, 60, 69, 53, 49], [51, 31, 59, 53, 17, 59, 79, 33, 67, 60, 5, 64, 64, 59, 19, 36, 23, 34, 80, 39], [11, 58, 40, 30, 56, 77, 62, 33, 52, 86, 71, 56, 82, 58, 60, 23, 83, 37, 67, 49], [45, 29, 47, 63, 63, 56, 29, 70, 50, 39, 33, 9, 17, 70, 69, 34, 37, 91, 49, 15], [51, 76, 31, 57, 37, 37, 30, 40, 65, 36, 42, 19, 34, 48, 53, 80, 67, 49, 71, 39], [73, 87, 55, 8, 41, 12, 77, 62, 40, 49, 42, 59, 66, 4, 49, 39, 49, 15, 39, 64]]",992.0881034
"[[25, 72, 86, 84, 34, 18, 55, 26, 44, 70, 27, 35, 45, 25, 51, 57, 57, 12, 46, 51], [72, 38, 70, 57, 71, 44, 49, 35, 80, 67, 27, 9, 9, 36, 61, 62, 49, 69, 35, 58], [86, 70, 40, 32, 50, 51, 62, 86, 51, 52, 66, 82, 43, 49, 86, 10, 71, 96, 51, 60], [84, 57, 32, 2, 76, 20, 25, 52, 27, 33, 48, 71, 49, 55, 38, 21, 70, 32, 16, 92], [34, 71, 50, 76, 19, 31, 60, 78, 41, 67, 83, 41, 28, 38, 64, 61, 36, 35, 66, 19], [18, 44, 51, 20, 31, 34, 86, 55, 45, 39, 84, 43, 50, 69, 59, 87, 66, 58, 29, 34], [55, 49, 62, 25, 60, 86, 81, 70, 33, 37, 84, 60, 12, 19, 56, 32, 67, 44, 17, 25], [26, 35, 86, 52, 78, 55, 70, 29, 64, 68, 19, 17, 43, 63, 69, 20, 52, 71, 79, 62], [44, 80, 51, 27, 41, 45, 33, 64, 29, 85, 23, 38, 21, 26, 46, 67, 37, 63, 39, 66], [70, 67, 52, 33, 67, 39, 37, 68, 85, 91, 50, 81, 66, 88, 35, 93, 60, 81, 49, 57], [27, 27, 66, 48, 83, 84, 84, 19, 23, 50, 45, 15, 38, 53, 54, 35, 47, 26, 70, 48], [35, 9, 82, 71, 41, 43, 60, 17, 38, 81, 15, 16, 24, 54, 27, 61, 49, 9, 77, 63], [45, 9, 43, 49, 28, 50, 12, 43, 21, 66, 38, 24, 33, 47, 70, 44, 41, 78, 69, 26], [25, 36, 49, 55, 38, 69, 19, 63, 26, 88, 53, 54, 47, 39, 47, 26, 90, 29, 55, 33], [51, 61, 86, 38, 64, 59, 56, 69, 46, 35, 54, 27, 70, 47, 77, 47, 43, 70, 36, 10], [57, 62, 10, 21, 61, 87, 32, 20, 67, 93, 35, 61, 44, 26, 47, 97, 32, 55, 75, 85], [57, 49, 71, 70, 36, 66, 67, 52, 37, 60, 47, 49, 41, 90, 43, 32, 62, 38, 64, 55], [12, 69, 96, 32, 35, 58, 44, 71, 63, 81, 26, 9, 78, 29, 70, 55, 38, 92, 80, 55], [46, 35, 51, 16, 66, 29, 17, 79, 39, 49, 70, 77, 69, 55, 36, 75, 64, 80, 65, 53], [51, 58, 60, 92, 19, 34, 25, 62, 66, 57, 48, 63, 26, 33, 10, 85, 55, 55, 53, 12]]",1018.1621614
"[[53, 50, 63, 43, 61, 53, 78, 84, 55, 38, 50, 51, 55, 50, 60, 72, 87, 15, 61, 32], [50, 20, 37, 8, 54, 17, 17, 79, 24, 54, 63, 45, 63, 33, 74, 66, 31, 57, 22, 50], [63, 37, 65, 69, 27, 42, 67, 19, 71, 32, 48, 84, 72, 85, 39, 68, 64, 39, 58, 76], [43, 8, 69, 49, 62, 23, 63, 58, 42, 36, 51, 79, 59, 65, 28, 41, 40, 40, 55, 54], [61, 54, 27, 62, 73, 41, 14, 24, 93, 29, 46, 68, 38, 26, 45, 41, 65, 47, 43, 70], [53, 17, 42, 23, 41, 79, 49, 35, 37, 37, 69, 82, 48, 59, 58, 45, 20, 49, 31, 55], [78, 17, 67, 63, 14, 49, 44, 88, 48, 73, 48, 36, 22, 64, 50, 64, 39, 41, 42, 44], [84, 79, 19, 58, 24, 35, 88, 19, 62, 77, 39, 5, 46, 24, 68, 66, 22, 63, 57, 80], [55, 24, 71, 42, 93, 37, 48, 62, 41, 70, 61, 26, 44, 55, 15, 50, 35, 49, 15, 57], [38, 54, 32, 36, 29, 37, 73, 77, 70, 33, 88, 77, 48, 27, 28, 56, 12, 60, 58, 47], [50, 63, 48, 51, 46, 69, 48, 39, 61, 88, 93, 46, 60, 52, 45, 78, 46, 70, 41, 67], [51, 45, 84, 79, 68, 82, 36, 5, 26, 77, 46, 7, 34, 47, 41, 38, 29, 34, 63, 27], [55, 63, 72, 59, 38, 48, 22, 46, 44, 48, 60, 34, 53, 18, 53, 56, 86, 90, 57, 39], [50, 33, 85, 65, 26, 59, 64, 24, 55, 27, 52, 47, 18, 64, 8, 91, 31, 80, 57, 77], [60, 74, 39, 28, 45, 58, 50, 68, 15, 28, 45, 41, 53, 8, 5, 47, 54, 41, 83, 23], [72, 66, 68, 41, 41, 45, 64, 66, 50, 56, 78, 38, 56, 91, 47, 19, 63, 24, 51, 43], [87, 31, 64, 40, 65, 20, 39, 22, 35, 12, 46, 29, 86, 31, 54, 63, 81, 43, 45, 78], [15, 57, 39, 40, 47, 49, 41, 63, 49, 60, 70, 34, 90, 80, 41, 24, 43, 78, 57, 62], [61, 22, 58, 55, 43, 31, 42, 57, 15, 58, 41, 63, 57, 57, 83, 51, 45, 57, 53, 21], [32, 50, 76, 54, 70, 55, 44, 80, 57, 47, 67, 27, 39, 77, 23, 43, 78, 62, 21, 10]]",1004.2736678
"[[96, 49, 71, 60, 55, 62, 60, 75, 57, 42, 41, 41, 69, 19, 58, 57, 29, 43, 65, 30], [49, 78, 49, 28, 26, 42, 66, 31, 56, 46, 41, 55, 46, 55, 7, 17, 42, 64, 13, 70], [71, 49, 71, 27, 56, 49, 40, 55, 46, 37, 49, 33, 41, 44, 47, 62, 50, 40, 39, 43], [60, 28, 27, 44, 37, 46, 21, 70, 81, 31, 70, 61, 39, 29, 26, 67, 19, 57, 75, 22], [55, 26, 56, 37, 88, 66, 86, 37, 11, 44, 96, 42, 57, 52, 23, 41, 49, 53, 48, 53], [62, 42, 49, 46, 66, 63, 26, 86, 57, 19, 53, 85, 41, 77, 78, 54, 22, 76, 81, 51], [60, 66, 40, 21, 86, 26, 54, 35, 22, 79, 14, 19, 60, 55, 73, 19, 69, 82, 35, 42], [75, 31, 55, 70, 37, 86, 35, 95, 28, 43, 72, 68, 33, 72, 8, 41, 60, 39, 13, 21], [57, 56, 46, 81, 11, 57, 22, 28, 17, 64, 76, 26, 8, 47, 28, 31, 52, 81, 68, 63], [42, 46, 37, 31, 44, 19, 79, 43, 64, 2, 37, 42, 53, 28, 37, 37, 11, 52, 51, 51], [41, 41, 49, 70, 96, 53, 14, 72, 76, 37, 89, 75, 28, 90, 34, 83, 47, 32, 64, 32], [41, 55, 33, 61, 42, 85, 19, 68, 26, 42, 75, 23, 44, 12, 67, 46, 71, 42, 70, 36], [69, 46, 41, 39, 57, 41, 60, 33, 8, 53, 28, 44, 45, 45, 65, 48, 31, 34, 27, 40], [19, 55, 44, 29, 52, 77, 55, 72, 47, 28, 90, 12, 45, 42, 68, 41, 26, 35, 42, 63], [58, 7, 47, 26, 23, 78, 73, 8, 28, 37, 34, 67, 65, 68, 87, 89, 49, 78, 75, 34], [57, 17, 62, 67, 41, 54, 19, 41, 31, 37, 83, 46, 48, 41, 89, 19, 29, 58, 39, 34], [29, 42, 50, 19, 49, 22, 69, 60, 52, 11, 47, 71, 31, 26, 49, 29, 15, 59, 73, 19], [43, 64, 40, 57, 53, 76, 82, 39, 81, 52, 32, 42, 34, 35, 78, 58, 59, 67, 53, 83], [65, 13, 39, 75, 48, 81, 35, 13, 68, 51, 64, 70, 27, 42, 75, 39, 73, 53, 25, 18], [30, 70, 43, 22, 53, 51, 42, 21, 63, 51, 32, 36, 40, 63, 34, 34, 19, 83, 18, 14]]",970.293148
"[[71, 53, 23, 94, 47, 79, 7, 71, 65, 32, 81, 35, 65, 24, 68, 66, 67, 80, 43, 60], [53, 25, 48, 20, 60, 64, 61, 20, 47, 25, 52, 15, 76, 57, 88, 40, 82, 55, 14, 52], [23, 48, 46, 60, 54, 62, 62, 59, 84, 36, 60, 43, 60, 61, 86, 71, 70, 37, 66, 40], [94, 20, 60, 14, 70, 71, 42, 26, 61, 77, 22, 18, 47, 88, 45, 45, 51, 31, 69, 45], [47, 60, 54, 70, 28, 48, 10, 50, 76, 60, 46, 37, 65, 41, 39, 34, 75, 50, 75, 40], [79, 64, 62, 71, 48, 4, 34, 57, 75, 50, 83, 70, 79, 41, 58, 21, 60, 85, 63, 26], [7, 61, 62, 42, 10, 34, 17, 75, 61, 38, 45, 43, 66, 58, 58, 9, 57, 39, 60, 56], [71, 20, 59, 26, 50, 57, 75, 61, 41, 4, 52, 44, 27, 29, 47, 68, 58, 66, 69, 66], [65, 47, 84, 61, 76, 75, 61, 41, 43, 21, 25, 52, 24, 26, 19, 58, 62, 77, 41, 33], [32, 25, 36, 77, 60, 50, 38, 4, 21, 13, 77, 39, 44, 40, 27, 67, 84, 60, 48, 35], [81, 52, 60, 22, 46, 83, 45, 52, 25, 77, 42, 41, 60, 23, 27, 47, 41, 75, 54, 82], [35, 15, 43, 18, 37, 70, 43, 44, 52, 39, 41, 44, 65, 20, 50, 60, 29, 42, 53, 51], [65, 76, 60, 47, 65, 79, 66, 27, 24, 44, 60, 65, 93, 36, 36, 62, 71, 36, 49, 38], [24, 57, 61, 88, 41, 41, 58, 29, 26, 40, 23, 20, 36, 65, 57, 60, 36, 80, 48, 46], [68, 88, 86, 45, 39, 58, 58, 47, 19, 27, 27, 50, 36, 57, 7, 78, 38, 56, 42, 93], [66, 40, 71, 45, 34, 21, 9, 68, 58, 67, 47, 60, 62, 60, 78, 6, 41, 37, 61, 38], [67, 82, 70, 51, 75, 60, 57, 58, 62, 84, 41, 29, 71, 36, 38, 41, 58, 65, 50, 64], [80, 55, 37, 31, 50, 85, 39, 66, 77, 60, 75, 42, 36, 80, 56, 37, 65, 34, 56, 33], [43, 14, 66, 69, 75, 63, 60, 69, 41, 48, 54, 53, 49, 48, 42, 61, 50, 56, 66, 66], [60, 52, 40, 45, 40, 26, 56, 66, 33, 35, 82, 51, 38, 46, 93, 38, 64, 33, 66, 10]]",1024.0285107
"[[22, 34, 63, 40, 75, 16, 19, 51, 53, 39, 74, 41, 37, 92, 34, 50, 26, 33, 48, 50], [34, 53, 53, 74, 28, 3, 50, 20, 85, 50, 95, 73, 37, 59, 25, 35, 69, 49, 54, 61], [63, 53, 5, 29, 83, 43, 50, 78, 50, 24, 46, 51, 41, 27, 47, 45, 98, 51, 30, 64], [40, 74, 29, 22, 31, 8, 50, 70, 24, 60, 66, 43, 42, 10, 21, 80, 68, 40, 53, 59], [75, 28, 83, 31, 99, 35, 30, 84, 49, 34, 48, 71, 29, 58, 57, 17, 33, 5, 70, 58], [16, 3, 43, 8, 35, 19, 73, 48, 80, 41, 69, 52, 20, 67, 77, 60, 67, 51, 51, 39], [19, 50, 50, 50, 30, 73, 61, 45, 66, 15, 48, 61, 45, 66, 50, 18, 58, 60, 37, 45], [51, 20, 78, 70, 84, 48, 45, 2, 49, 22, 23, 54, 31, 63, 44, 26, 66, 33, 34, 57], [53, 85, 50, 24, 49, 80, 66, 49, 71, 18, 64, 75, 35, 50, 60, 23, 64, 50, 59, 24], [39, 50, 24, 60, 34, 41, 15, 22, 18, 49, 14, 45, 70, 34, 57, 43, 35, 52, 52, 38], [74, 95, 46, 66, 48, 69, 48, 23, 64, 14, 97, 50, 30, 8, 58, 66, 35, 39, 20, 29], [41, 73, 51, 43, 71, 52, 61, 54, 75, 45, 50, 76, 41, 55, 61, 73, 49, 68, 74, 87], [37, 37, 41, 42, 29, 20, 45, 31, 35, 70, 30, 41, 6, 12, 66, 68, 29, 28, 49, 40], [92, 59, 27, 10, 58, 67, 66, 63, 50, 34, 8, 55, 12, 35, 78, 47, 33, 88, 83, 10], [34, 25, 47, 21, 57, 77, 50, 44, 60, 57, 58, 61, 66, 78, 58, 63, 70, 67, 76, 20], [50, 35, 45, 80, 17, 60, 18, 26, 23, 43, 66, 73, 68, 47, 63, 16, 39, 31, 55, 29], [26, 69, 98, 68, 33, 67, 58, 66, 64, 35, 35, 49, 29, 33, 70, 39, 89, 76, 67, 16], [33, 49, 51, 40, 5, 51, 60, 33, 50, 52, 39, 68, 28, 88, 67, 31, 76, 67, 79, 52], [48, 54, 30, 53, 70, 51, 37, 34, 59, 52, 20, 74, 49, 83, 76, 55, 67, 79, 30, 89], [50, 61, 64, 59, 58, 39, 45, 57, 24, 38, 29, 87, 40, 10, 20, 29, 16, 52, 89, 74]]",982.2561334
"[[91, 58, 65, 37, 47, 14, 60, 87, 27, 37, 34, 66, 36, 59, 85, 22, 56, 47, 33, 73], [58, 34, 88, 76, 35, 68, 86, 48, 48, 34, 47, 44, 38, 45, 18, 38, 21, 92, 61, 10], [65, 88, 45, 42, 20, 68, 24, 67, 47, 81, 61, 68, 19, 87, 52, 58, 26, 47, 38, 17], [37, 76, 42, 44, 58, 49, 53, 75, 74, 35, 17, 29, 78, 39, 49, 46, 53, 82, 83, 23], [47, 35, 20, 58, 56, 8, 65, 18, 62, 48, 51, 76, 57, 41, 45, 59, 26, 14, 35, 27], [14, 68, 68, 49, 8, 3, 49, 43, 36, 50, 61, 44, 62, 33, 65, 44, 73, 30, 44, 92], [60, 86, 24, 53, 65, 49, 30, 46, 49, 60, 52, 44, 41, 49, 58, 35, 74, 23, 27, 27], [87, 48, 67, 75, 18, 43, 46, 26, 36, 21, 44, 80, 87, 47, 49, 61, 29, 57, 43, 48], [27, 48, 47, 74, 62, 36, 49, 36, 60, 15, 56, 22, 47, 40, 80, 49, 42, 60, 78, 80], [37, 34, 81, 35, 48, 50, 60, 21, 15, 48, 26, 27, 53, 24, 31, 43, 58, 48, 44, 36], [34, 47, 61, 17, 51, 61, 52, 44, 56, 26, 32, 17, 25, 51, 88, 17, 53, 47, 37, 63], [66, 44, 68, 29, 76, 44, 44, 80, 22, 27, 17, 50, 31, 15, 63, 56, 35, 50, 53, 59], [36, 38, 19, 78, 57, 62, 41, 87, 47, 53, 25, 31, 91, 41, 36, 55, 42, 32, 64, 54], [59, 45, 87, 39, 41, 33, 49, 47, 40, 24, 51, 15, 41, 9, 78, 47, 44, 78, 60, 83], [85, 18, 52, 49, 45, 65, 58, 49, 80, 31, 88, 63, 36, 78, 22, 50, 33, 51, 36, 63], [22, 38, 58, 46, 59, 44, 35, 61, 49, 43, 17, 56, 55, 47, 50, 34, 62, 44, 90, 79], [56, 21, 26, 53, 26, 73, 74, 29, 42, 58, 53, 35, 42, 44, 33, 62, 14, 40, 78, 11], [47, 92, 47, 82, 14, 30, 23, 57, 60, 48, 47, 50, 32, 78, 51, 44, 40, 93, 48, 55], [33, 61, 38, 83, 35, 44, 27, 43, 78, 44, 37, 53, 64, 60, 36, 90, 78, 48, 98, 27], [73, 10, 17, 23, 27, 92, 27, 48, 80, 36, 63, 59, 54, 83, 63, 79, 11, 55, 27, 33]]",975.9484019
"[[98, 84, 70, 38, 62, 53, 50, 53, 55, 75, 72, 31, 81, 42, 80, 24, 26, 82, 40, 16, 79], [84, 36, 85, 23, 72, 49, 57, 57, 12, 12, 38, 37, 48, 81, 61, 46, 49, 76, 63, 50, 32], [70, 85, 59, 44, 9, 51, 49, 41, 67, 70, 53, 29, 39, 35, 67, 60, 59, 53, 26, 32, 53], [38, 23, 44, 55, 50, 47, 63, 34, 43, 87, 74, 37, 57, 54, 38, 48, 1, 18, 50, 62, 61], [62, 72, 9, 50, 88, 38, 54, 35, 41, 46, 30, 68, 52, 52, 52, 66, 94, 58, 71, 41, 21], [53, 49, 51, 47, 38, 33, 88, 44, 69, 62, 74, 93, 34, 90, 57, 67, 19, 8, 32, 31, 58], [50, 57, 49, 63, 54, 88, 97, 85, 48, 92, 58, 55, 53, 22, 33, 33, 58, 4, 46, 30, 31], [53, 57, 41, 34, 35, 44, 85, 3, 69, 74, 70, 19, 33, 67, 62, 68, 50, 55, 26, 63, 62], [55, 12, 67, 43, 41, 69, 48, 69, 21, 47, 31, 25, 42, 28, 29, 58, 76, 38, 72, 40, 46], [75, 12, 70, 87, 46, 62, 92, 74, 47, 10, 51, 49, 73, 42, 49, 45, 53, 21, 69, 26, 51], [72, 38, 53, 74, 30, 74, 58, 70, 31, 51, 61, 36, 44, 47, 56, 37, 47, 29, 10, 69, 62], [31, 37, 29, 37, 68, 93, 55, 19, 25, 49, 36, 16, 86, 50, 65, 41, 32, 45, 32, 43, 17], [81, 48, 39, 57, 52, 34, 53, 33, 42, 73, 44, 86, 46, 31, 28, 28, 81, 36, 46, 58, 15], [42, 81, 35, 54, 52, 90, 22, 67, 28, 42, 47, 50, 31, 44, 34, 71, 41, 43, 32, 85, 13], [80, 61, 67, 38, 52, 57, 33, 62, 29, 49, 56, 65, 28, 34, 68, 13, 45, 27, 43, 50, 47], [24, 46, 60, 48, 66, 67, 33, 68, 58, 45, 37, 41, 28, 71, 13, 9, 92, 74, 29, 62, 72], [26, 49, 59, 1, 94, 19, 58, 50, 76, 53, 47, 32, 81, 41, 45, 92, 65, 51, 38, 46, 28], [82, 76, 53, 18, 58, 8, 4, 55, 38, 21, 29, 45, 36, 43, 27, 74, 51, 37, 73, 84, 64], [40, 63, 26, 50, 71, 32, 46, 26, 72, 69, 10, 32, 46, 32, 43, 29, 38, 73, 11, 10, 83], [16, 50, 32, 62, 41, 31, 30, 63, 40, 26, 69, 43, 58, 85, 50, 62, 46, 84, 10, 73, 25], [79, 32, 53, 61, 21, 58, 31, 62, 46, 51, 62, 17, 15, 13, 47, 72, 28, 64, 83, 25, 92]]",1038.2817903
"[[2, 40, 64, 51, 43, 53, 56, 70, 55, 71, 49, 24, 22, 13, 22, 17, 58, 72, 45, 24, 32], [40, 4, 39, 56, 72, 63, 31, 69, 72, 71, 45, 86, 81, 37, 32, 24, 83, 35, 47, 67, 74], [64, 39, 64, 39, 52, 72, 22, 33, 48, 42, 72, 31, 19, 44, 45, 66, 42, 79, 76, 61, 26], [51, 56, 39, 22, 35, 33, 39, 24, 69, 61, 9, 79, 55, 14, 45, 31, 66, 39, 38, 35, 17], [43, 72, 52, 35, 41, 51, 29, 54, 42, 36, 10, 60, 19, 52, 60, 81, 28, 71, 25, 59, 61], [53, 63, 72, 33, 51, 86, 38, 56, 73, 78, 56, 77, 42, 46, 45, 18, 14, 45, 15, 38, 61], [56, 31, 22, 39, 29, 38, 14, 12, 50, 86, 24, 21, 49, 35, 49, 37, 39, 48, 23, 27, 40], [70, 69, 33, 24, 54, 56, 12, 53, 88, 62, 62, 60, 14, 43, 41, 18, 44, 43, 93, 87, 43], [55, 72, 48, 69, 42, 73, 50, 88, 46, 51, 16, 62, 26, 52, 64, 67, 80, 48, 35, 60, 82], [71, 71, 42, 61, 36, 78, 86, 62, 51, 8, 69, 49, 60, 25, 24, 45, 57, 48, 54, 89, 15], [49, 45, 72, 9, 10, 56, 24, 62, 16, 69, 52, 50, 14, 36, 32, 38, 40, 39, 62, 28, 42], [24, 86, 31, 79, 60, 77, 21, 60, 62, 49, 50, 37, 43, 22, 73, 40, 28, 70, 36, 42, 81], [22, 81, 19, 55, 19, 42, 49, 14, 26, 60, 14, 43, 33, 17, 49, 45, 56, 77, 62, 59, 78], [13, 37, 44, 14, 52, 46, 35, 43, 52, 25, 36, 22, 17, 13, 23, 77, 47, 82, 87, 44, 50], [22, 32, 45, 45, 60, 45, 49, 41, 64, 24, 32, 73, 49, 23, 62, 87, 48, 39, 88, 36, 27], [17, 24, 66, 31, 81, 18, 37, 18, 67, 45, 38, 40, 45, 77, 87, 18, 24, 48, 53, 51, 65], [58, 83, 42, 66, 28, 14, 39, 44, 80, 57, 40, 28, 56, 47, 48, 24, 66, 54, 51, 51, 67], [72, 35, 79, 39, 71, 45, 48, 43, 48, 48, 39, 70, 77, 82, 39, 48, 54, 41, 56, 47, 71], [45, 47, 76, 38, 25, 15, 23, 93, 35, 54, 62, 36, 62, 87, 88, 53, 51, 56, 33, 42, 60], [24, 67, 61, 35, 59, 38, 27, 87, 60, 89, 28, 42, 59, 44, 36, 51, 51, 47, 42, 79, 50], [32, 74, 26, 17, 61, 61, 40, 43, 82, 15, 42, 81, 78, 50, 27, 65, 67, 71, 60, 50, 98]]",1022.0060345
"[[63, 62, 38, 25, 66, 66, 40, 90, 46, 77, 32, 46, 40, 45, 47, 70, 50, 10, 50, 17, 30], [62, 79, 83, 91, 31, 16, 29, 68, 39, 50, 68, 65, 37, 39, 74, 72, 37, 76, 45, 53, 37], [38, 83, 75, 47, 79, 52, 35, 75, 20, 7, 31, 56, 34, 50, 37, 46, 21, 32, 73, 64, 41], [25, 91, 47, 49, 60, 55, 39, 29, 39, 47, 24, 90, 63, 56, 64, 51, 46, 63, 51, 28, 45], [66, 31, 79, 60, 65, 58, 81, 4, 19, 50, 20, 58, 34, 28, 13, 91, 62, 60, 33, 19, 45], [66, 16, 52, 55, 58, 10, 2, 52, 51, 73, 73, 68, 26, 30, 57, 29, 72, 84, 54, 19, 40], [40, 29, 35, 39, 81, 2, 16, 43, 41, 71, 56, 56, 41, 35, 21, 83, 38, 60, 55, 59, 67], [90, 68, 75, 29, 4, 52, 43, 79, 89, 82, 65, 45, 35, 64, 76, 30, 58, 45, 75, 79, 46], [46, 39, 20, 39, 19, 51, 41, 89, 16, 45, 71, 36, 76, 80, 37, 26, 29, 65, 40, 62, 21], [77, 50, 7, 47, 50, 73, 71, 82, 45, 76, 49, 13, 67, 62, 58, 42, 47, 46, 74, 83, 52], [32, 68, 31, 24, 20, 73, 56, 65, 71, 49, 9, 62, 24, 67, 33, 54, 47, 27, 29, 48, 65], [46, 65, 56, 90, 58, 68, 56, 45, 36, 13, 62, 83, 49, 65, 8, 59, 77, 39, 41, 69, 44], [40, 37, 34, 63, 34, 26, 41, 35, 76, 67, 24, 49, 49, 40, 52, 42, 30, 12, 69, 43, 83], [45, 39, 50, 56, 28, 30, 35, 64, 80, 62, 67, 65, 40, 79, 54, 26, 57, 25, 31, 80, 26], [47, 74, 37, 64, 13, 57, 21, 76, 37, 58, 33, 8, 52, 54, 41, 45, 56, 55, 71, 17, 22], [70, 72, 46, 51, 91, 29, 83, 30, 26, 42, 54, 59, 42, 26, 45, 88, 53, 13, 86, 20, 18], [50, 37, 21, 46, 62, 72, 38, 58, 29, 47, 47, 77, 30, 57, 56, 53, 26, 49, 43, 43, 46], [10, 76, 32, 63, 60, 84, 60, 45, 65, 46, 27, 39, 12, 25, 55, 13, 49, 6, 25, 31, 57], [50, 45, 73, 51, 33, 54, 55, 75, 40, 74, 29, 41, 69, 31, 71, 86, 43, 25, 84, 16, 46], [17, 53, 64, 28, 19, 19, 59, 79, 62, 83, 48, 69, 43, 80, 17, 20, 43, 31, 16, 76, 55], [30, 37, 41, 45, 45, 40, 67, 46, 21, 52, 65, 44, 83, 26, 22, 18, 46, 57, 46, 55, 62]]",1028.1598121
"[[91, 29, 59, 53, 60, 28, 43, 79, 59, 33, 57, 92, 71, 12, 82, 77, 76, 25, 52, 86, 13], [29, 57, 71, 57, 9, 47, 54, 86, 72, 65, 90, 29, 89, 54, 64, 63, 34, 62, 47, 80, 54], [59, 71, 1, 46, 83, 54, 63, 91, 89, 34, 52, 24, 51, 70, 64, 34, 44, 21, 25, 48, 20], [53, 57, 46, 15, 23, 61, 12, 56, 91, 45, 38, 21, 40, 55, 12, 66, 55, 35, 27, 41, 47], [60, 9, 83, 23, 40, 69, 44, 39, 59, 61, 45, 81, 47, 62, 29, 82, 26, 49, 11, 18, 32], [28, 47, 54, 61, 69, 10, 63, 41, 76, 55, 70, 39, 57, 33, 36, 20, 53, 45, 63, 40, 46], [43, 54, 63, 12, 44, 63, 31, 35, 35, 62, 23, 46, 63, 39, 49, 26, 8, 37, 57, 77, 56], [79, 86, 91, 56, 39, 41, 35, 13, 63, 73, 23, 33, 39, 38, 47, 50, 45, 51, 48, 64, 55], [59, 72, 89, 91, 59, 76, 35, 63, 98, 85, 11, 22, 52, 95, 79, 76, 94, 32, 19, 36, 42], [33, 65, 34, 45, 61, 55, 62, 73, 85, 87, 59, 31, 60, 93, 73, 60, 48, 26, 37, 35, 16], [57, 90, 52, 38, 45, 70, 23, 23, 11, 59, 2, 91, 28, 47, 34, 28, 76, 18, 32, 42, 49], [92, 29, 24, 21, 81, 39, 46, 33, 22, 31, 91, 1, 33, 63, 52, 6, 48, 84, 50, 48, 35], [71, 89, 51, 40, 47, 57, 63, 39, 52, 60, 28, 33, 99, 47, 15, 39, 19, 65, 78, 74, 90], [12, 54, 70, 55, 62, 33, 39, 38, 95, 93, 47, 63, 47, 79, 78, 18, 15, 10, 60, 79, 66], [82, 64, 64, 12, 29, 36, 49, 47, 79, 73, 34, 52, 15, 78, 71, 69, 43, 25, 56, 50, 29], [77, 63, 34, 66, 82, 20, 26, 50, 76, 60, 28, 6, 39, 18, 69, 67, 55, 38, 33, 60, 17], [76, 34, 44, 55, 26, 53, 8, 45, 94, 48, 76, 48, 19, 15, 43, 55, 99, 63, 40, 53, 64], [25, 62, 21, 35, 49, 45, 37, 51, 32, 26, 18, 84, 65, 10, 25, 38, 63, 75, 88, 31, 44], [52, 47, 25, 27, 11, 63, 57, 48, 19, 37, 32, 50, 78, 60, 56, 33, 40, 88, 91, 50, 74], [86, 80, 48, 41, 18, 40, 77, 64, 36, 35, 42, 48, 74, 79, 50, 60, 53, 31, 50, 19, 87], [13, 54, 20, 47, 32, 46, 56, 55, 42, 16, 49, 35, 90, 66, 29, 17, 64, 44, 74, 87, 63]]",1058.928958
"[[64, 46, 36, 71, 66, 86, 20, 27, 44, 12, 54, 39, 67, 40, 20, 79, 21, 56, 7, 40, 10], [46, 44, 40, 72, 27, 80, 30, 55, 61, 21, 78, 6, 65, 37, 75, 41, 61, 37, 11, 53, 30], [36, 40, 59, 78, 22, 42, 59, 82, 63, 42, 42, 55, 85, 33, 73, 48, 90, 73, 59, 29, 50], [71, 72, 78, 86, 35, 74, 27, 14, 59, 33, 21, 25, 32, 33, 28, 21, 32, 16, 31, 60, 50], [66, 27, 22, 35, 14, 16, 85, 64, 53, 56, 45, 35, 64, 62, 65, 48, 36, 21, 41, 11, 55], [86, 80, 42, 74, 16, 62, 19, 24, 22, 37, 25, 63, 66, 57, 46, 51, 57, 80, 22, 56, 69], [20, 30, 59, 27, 85, 19, 12, 52, 50, 24, 60, 15, 56, 81, 43, 59, 30, 34, 47, 36, 36], [27, 55, 82, 14, 64, 24, 52, 18, 65, 18, 44, 74, 73, 61, 27, 8, 41, 23, 47, 45, 36], [44, 61, 63, 59, 53, 22, 50, 65, 59, 56, 46, 17, 36, 55, 48, 27, 45, 78, 65, 10, 53], [12, 21, 42, 33, 56, 37, 24, 18, 56, 6, 71, 63, 57, 64, 31, 10, 24, 63, 41, 28, 43], [54, 78, 42, 21, 45, 25, 60, 44, 46, 71, 90, 41, 61, 39, 58, 48, 46, 48, 77, 21, 31], [39, 6, 55, 25, 35, 63, 15, 74, 17, 63, 41, 72, 85, 31, 51, 53, 51, 35, 31, 46, 76], [67, 65, 85, 32, 64, 66, 56, 73, 36, 57, 61, 85, 97, 45, 75, 65, 60, 73, 53, 63, 89], [40, 37, 33, 33, 62, 57, 81, 61, 55, 64, 39, 31, 45, 22, 46, 33, 46, 66, 37, 54, 51], [20, 75, 73, 28, 65, 46, 43, 27, 48, 31, 58, 51, 75, 46, 48, 45, 37, 42, 59, 28, 56], [79, 41, 48, 21, 48, 51, 59, 8, 27, 10, 48, 53, 65, 33, 45, 23, 75, 58, 46, 50, 80], [21, 61, 90, 32, 36, 57, 30, 41, 45, 24, 46, 51, 60, 46, 37, 75, 27, 56, 37, 54, 67], [56, 37, 73, 16, 21, 80, 34, 23, 78, 63, 48, 35, 73, 66, 42, 58, 56, 56, 56, 17, 76], [7, 11, 59, 31, 41, 22, 47, 47, 65, 41, 77, 31, 53, 37, 59, 46, 37, 56, 92, 41, 43], [40, 53, 29, 60, 11, 56, 36, 45, 10, 28, 21, 46, 63, 54, 28, 50, 54, 17, 41, 97, 13], [10, 30, 50, 50, 55, 69, 36, 36, 53, 43, 31, 76, 89, 51, 56, 80, 67, 76, 43, 13, 53]]",1002.4120256
"[[29, 54, 61, 45, 29, 65, 64, 39, 72, 89, 58, 30, 28, 85, 17, 82, 65, 21, 22, 62, 87], [54, 42, 59, 92, 44, 16, 45, 80, 76, 59, 43, 44, 70, 51, 15, 26, 73, 25, 50, 41, 63], [61, 59, 54, 69, 50, 22, 32, 54, 60, 29, 63, 15, 67, 58, 33, 67, 40, 70, 65, 18, 50], [45, 92, 69, 72, 18, 38, 46, 72, 45, 40, 21, 11, 74, 25, 53, 71, 71, 35, 77, 49, 23], [29, 44, 50, 18, 18, 68, 70, 59, 39, 16, 65, 57, 47, 81, 61, 84, 74, 80, 10, 24, 36], [65, 16, 22, 38, 68, 65, 16, 47, 37, 31, 53, 26, 62, 51, 64, 49, 26, 60, 63, 44, 49], [64, 45, 32, 46, 70, 16, 59, 73, 38, 66, 76, 42, 62, 8, 61, 28, 11, 81, 70, 48, 58], [39, 80, 54, 72, 59, 47, 73, 19, 50, 6, 92, 49, 34, 27, 47, 51, 46, 67, 4, 49, 49], [72, 76, 60, 45, 39, 37, 38, 50, 63, 15, 70, 28, 38, 34, 46, 65, 71, 14, 24, 30, 52], [89, 59, 29, 40, 16, 31, 66, 6, 15, 47, 6, 47, 81, 66, 55, 44, 58, 38, 32, 69, 65], [58, 43, 63, 21, 65, 53, 76, 92, 70, 6, 65, 25, 52, 51, 7, 47, 80, 5, 70, 71, 35], [30, 44, 15, 11, 57, 26, 42, 49, 28, 47, 25, 96, 12, 25, 47, 90, 20, 45, 54, 52, 76], [28, 70, 67, 74, 47, 62, 62, 34, 38, 81, 52, 12, 54, 44, 49, 60, 9, 36, 59, 53, 49], [85, 51, 58, 25, 81, 51, 8, 27, 34, 66, 51, 25, 44, 92, 53, 27, 83, 48, 39, 67, 49], [17, 15, 33, 53, 61, 64, 61, 47, 46, 55, 7, 47, 49, 53, 24, 21, 64, 32, 49, 67, 51], [82, 26, 67, 71, 84, 49, 28, 51, 65, 44, 47, 90, 60, 27, 21, 94, 90, 31, 54, 54, 80], [65, 73, 40, 71, 74, 26, 11, 46, 71, 58, 80, 20, 9, 83, 64, 90, 59, 56, 55, 65, 26], [21, 25, 70, 35, 80, 60, 81, 67, 14, 38, 5, 45, 36, 48, 32, 31, 56, 76, 90, 38, 45], [22, 50, 65, 77, 10, 63, 70, 4, 24, 32, 70, 54, 59, 39, 49, 54, 55, 90, 80, 82, 53], [62, 41, 18, 49, 24, 44, 48, 49, 30, 69, 71, 52, 53, 67, 67, 54, 65, 38, 82, 3, 28], [87, 63, 50, 23, 36, 49, 58, 49, 52, 65, 35, 76, 49, 49, 51, 80, 26, 45, 53, 28, 91]]",1042.6074398
"[[93, 64, 57, 30, 77, 35, 26, 46, 46, 55, 34, 51, 68, 92, 72, 44, 75, 15, 61, 40, 60], [64, 18, 26, 33, 76, 54, 65, 24, 34, 51, 31, 22, 44, 65, 75, 33, 40, 79, 61, 40, 40], [57, 26, 7, 85, 44, 21, 51, 17, 53, 57, 82, 34, 45, 26, 2, 19, 18, 61, 44, 47, 60], [30, 33, 85, 98, 71, 24, 9, 67, 57, 18, 53, 50, 41, 58, 33, 44, 7, 46, 33, 87, 5], [77, 76, 44, 71, 99, 72, 22, 29, 84, 70, 44, 39, 20, 41, 55, 38, 59, 21, 55, 83, 42], [35, 54, 21, 24, 72, 21, 54, 81, 64, 37, 22, 70, 72, 49, 48, 29, 32, 30, 49, 86, 23], [26, 65, 51, 9, 22, 54, 71, 39, 74, 44, 59, 79, 53, 35, 11, 62, 35, 60, 28, 18, 59], [46, 24, 17, 67, 29, 81, 39, 14, 64, 64, 62, 29, 29, 30, 51, 51, 58, 37, 7, 31, 73], [46, 34, 53, 57, 84, 64, 74, 64, 2, 83, 62, 41, 13, 37, 74, 51, 72, 58, 31, 26, 29], [55, 51, 57, 18, 70, 37, 44, 64, 83, 9, 79, 52, 43, 6, 80, 29, 70, 47, 47, 35, 16], [34, 31, 82, 53, 44, 22, 59, 62, 62, 79, 72, 48, 58, 47, 68, 44, 81, 79, 48, 93, 30], [51, 22, 34, 50, 39, 70, 79, 29, 41, 52, 48, 81, 61, 51, 67, 44, 44, 42, 57, 63, 70], [68, 44, 45, 41, 20, 72, 53, 29, 13, 43, 58, 61, 8, 38, 44, 24, 54, 27, 56, 50, 31], [92, 65, 26, 58, 41, 49, 35, 30, 37, 6, 47, 51, 38, 22, 32, 63, 22, 49, 21, 59, 52], [72, 75, 2, 33, 55, 48, 11, 51, 74, 80, 68, 67, 44, 32, 21, 14, 79, 45, 60, 24, 49], [44, 33, 19, 44, 38, 29, 62, 51, 51, 29, 44, 44, 24, 63, 14, 33, 71, 37, 5, 52, 51], [75, 40, 18, 7, 59, 32, 35, 58, 72, 70, 81, 44, 54, 22, 79, 71, 85, 43, 55, 85, 74], [15, 79, 61, 46, 21, 30, 60, 37, 58, 47, 79, 42, 27, 49, 45, 37, 43, 65, 24, 67, 21], [61, 61, 44, 33, 55, 49, 28, 7, 31, 47, 48, 57, 56, 21, 60, 5, 55, 24, 9, 95, 66], [40, 40, 47, 87, 83, 86, 18, 31, 26, 35, 93, 63, 50, 59, 24, 52, 85, 67, 95, 78, 44], [60, 40, 60, 5, 42, 23, 59, 73, 29, 16, 30, 70, 31, 52, 49, 51, 74, 21, 66, 44, 56]]",1013.5079125
"[[4, 79, 66, 53, 34, 57, 24, 60, 60, 85, 51, 58, 57, 11, 84, 56, 64, 75, 25, 52, 68], [79, 39, 23, 51, 73, 52, 39, 67, 39, 14, 19, 67, 43, 72, 49, 52, 41, 81, 52, 78, 54], [66, 23, 23, 95, 50, 40, 45, 40, 55, 67, 64, 89, 73, 21, 58, 92, 36, 42, 41, 45, 71], [53, 51, 95, 60, 51, 49, 67, 59, 52, 38, 40, 48, 48, 27, 78, 47, 57, 74, 24, 57, 7], [34, 73, 50, 51, 30, 59, 42, 18, 33, 80, 21, 55, 58, 35, 37, 27, 45, 36, 52, 65, 20], [57, 52, 40, 49, 59, 64, 75, 69, 37, 27, 47, 44, 6, 67, 61, 15, 61, 48, 55, 53, 68], [24, 39, 45, 67, 42, 75, 65, 40, 38, 78, 72, 70, 59, 61, 40, 17, 56, 60, 78, 50, 73], [60, 67, 40, 59, 18, 69, 40, 34, 37, 53, 31, 56, 63, 87, 62, 38, 21, 31, 36, 40, 20], [60, 39, 55, 52, 33, 37, 38, 37, 76, 76, 64, 32, 48, 70, 46, 43, 33, 61, 49, 60, 37], [85, 14, 67, 38, 80, 27, 78, 53, 76, 93, 46, 84, 63, 35, 36, 61, 57, 47, 20, 91, 26], [51, 19, 64, 40, 21, 47, 72, 31, 64, 46, 84, 41, 40, 48, 46, 87, 56, 90, 15, 55, 56], [58, 67, 89, 48, 55, 44, 70, 56, 32, 84, 41, 12, 38, 45, 38, 23, 40, 6, 58, 30, 55], [57, 43, 73, 48, 58, 6, 59, 63, 48, 63, 40, 38, 92, 24, 67, 74, 32, 49, 60, 16, 43], [11, 72, 21, 27, 35, 67, 61, 87, 70, 35, 48, 45, 24, 21, 12, 54, 50, 49, 45, 54, 30], [84, 49, 58, 78, 37, 61, 40, 62, 46, 36, 46, 38, 67, 12, 99, 55, 32, 38, 85, 36, 48], [56, 52, 92, 47, 27, 15, 17, 38, 43, 61, 87, 23, 74, 54, 55, 3, 6, 95, 55, 43, 22], [64, 41, 36, 57, 45, 61, 56, 21, 33, 57, 56, 40, 32, 50, 32, 6, 33, 52, 68, 30, 67], [75, 81, 42, 74, 36, 48, 60, 31, 61, 47, 90, 6, 49, 49, 38, 95, 52, 55, 74, 41, 49], [25, 52, 41, 24, 52, 55, 78, 36, 49, 20, 15, 58, 60, 45, 85, 55, 68, 74, 66, 44, 53], [52, 78, 45, 57, 65, 53, 50, 40, 60, 91, 55, 30, 16, 54, 36, 43, 30, 41, 44, 1, 29], [68, 54, 71, 7, 20, 68, 73, 20, 37, 26, 56, 55, 43, 30, 48, 22, 67, 49, 53, 29, 88]]",1050.5402292
"[[20, 39, 29, 67, 40, 46, 51, 88, 38, 71, 39, 31, 29, 71, 40, 67, 53, 30, 68, 65, 38], [39, 26, 38, 17, 37, 74, 46, 81, 17, 77, 21, 33, 51, 63, 37, 45, 21, 59, 31, 65, 36], [29, 38, 56, 38, 37, 53, 30, 19, 52, 73, 30, 40, 20, 55, 20, 61, 63, 38, 48, 55, 93], [67, 17, 38, 6, 42, 32, 81, 42, 43, 18, 62, 37, 47, 48, 23, 36, 36, 68, 18, 64, 42], [40, 37, 37, 42, 82, 70, 45, 73, 75, 11, 17, 67, 67, 57, 84, 51, 58, 13, 77, 33, 25], [46, 74, 53, 32, 70, 64, 56, 60, 29, 47, 51, 51, 23, 49, 53, 31, 29, 60, 33, 23, 47], [51, 46, 30, 81, 45, 56, 84, 21, 19, 49, 84, 44, 45, 54, 58, 49, 15, 62, 52, 22, 25], [88, 81, 19, 42, 73, 60, 21, 15, 73, 63, 81, 25, 33, 69, 44, 84, 31, 72, 40, 13, 77], [38, 17, 52, 43, 75, 29, 19, 73, 90, 18, 69, 59, 17, 45, 33, 22, 51, 41, 79, 58, 19], [71, 77, 73, 18, 11, 47, 49, 63, 18, 20, 44, 27, 31, 27, 78, 45, 52, 40, 87, 56, 71], [39, 21, 30, 62, 17, 51, 84, 81, 69, 44, 26, 46, 38, 51, 31, 60, 18, 93, 2, 81, 47], [31, 33, 40, 37, 67, 51, 44, 25, 59, 27, 46, 97, 66, 77, 50, 71, 29, 72, 79, 41, 26], [29, 51, 20, 47, 67, 23, 45, 33, 17, 31, 38, 66, 30, 84, 87, 32, 52, 17, 75, 65, 47], [71, 63, 55, 48, 57, 49, 54, 69, 45, 27, 51, 77, 84, 33, 83, 17, 50, 54, 56, 80, 28], [40, 37, 20, 23, 84, 53, 58, 44, 33, 78, 31, 50, 87, 83, 74, 29, 51, 36, 32, 37, 50], [67, 45, 61, 36, 51, 31, 49, 84, 22, 45, 60, 71, 32, 17, 29, 66, 41, 21, 71, 57, 62], [53, 21, 63, 36, 58, 29, 15, 31, 51, 52, 18, 29, 52, 50, 51, 41, 19, 64, 74, 40, 49], [30, 59, 38, 68, 13, 60, 62, 72, 41, 40, 93, 72, 17, 54, 36, 21, 64, 54, 42, 38, 69], [68, 31, 48, 18, 77, 33, 52, 40, 79, 87, 2, 79, 75, 56, 32, 71, 74, 42, 92, 34, 55], [65, 65, 55, 64, 33, 23, 22, 13, 58, 56, 81, 41, 65, 80, 37, 57, 40, 38, 34, 66, 53], [38, 36, 93, 42, 25, 47, 25, 77, 19, 71, 47, 26, 47, 28, 50, 62, 49, 69, 55, 53, 68]]",1015.1421817
"[[81, 47, 59, 35, 49, 35, 50, 17, 51, 35, 71, 34, 68, 47, 30, 38, 75, 80, 52, 33, 49], [47, 89, 56, 61, 62, 46, 36, 44, 59, 93, 82, 45, 16, 39, 66, 58, 68, 36, 60, 48, 75], [59, 56, 98, 28, 65, 45, 75, 62, 54, 19, 37, 62, 88, 23, 69, 66, 85, 23, 59, 37, 21], [35, 61, 28, 56, 21, 38, 59, 26, 30, 61, 15, 28, 60, 72, 51, 26, 56, 16, 69, 43, 58], [49, 62, 65, 21, 27, 69, 74, 68, 40, 23, 30, 38, 92, 71, 37, 57, 39, 70, 69, 36, 18], [35, 46, 45, 38, 69, 90, 13, 40, 38, 54, 68, 48, 47, 26, 39, 49, 26, 17, 59, 52, 51], [50, 36, 75, 59, 74, 13, 22, 49, 73, 63, 31, 59, 53, 59, 55, 11, 72, 57, 51, 56, 39], [17, 44, 62, 26, 68, 40, 49, 91, 52, 52, 58, 52, 70, 53, 51, 69, 71, 51, 71, 82, 59], [51, 59, 54, 30, 40, 38, 73, 52, 64, 78, 81, 9, 51, 13, 42, 36, 55, 44, 80, 44, 44], [35, 93, 19, 61, 23, 54, 63, 52, 78, 38, 58, 78, 56, 52, 44, 16, 37, 49, 37, 30, 20], [71, 82, 37, 15, 30, 68, 31, 58, 81, 58, 97, 21, 45, 52, 22, 27, 38, 16, 88, 38, 46], [34, 45, 62, 28, 38, 48, 59, 52, 9, 78, 21, 87, 37, 54, 52, 45, 65, 50, 40, 33, 73], [68, 16, 88, 60, 92, 47, 53, 70, 51, 56, 45, 37, 58, 71, 71, 90, 38, 61, 8, 81, 42], [47, 39, 23, 72, 71, 26, 59, 53, 13, 52, 52, 54, 71, 25, 4, 44, 36, 41, 11, 31, 92], [30, 66, 69, 51, 37, 39, 55, 51, 42, 44, 22, 52, 71, 4, 90, 70, 56, 53, 72, 69, 43], [38, 58, 66, 26, 57, 49, 11, 69, 36, 16, 27, 45, 90, 44, 70, 99, 7, 45, 54, 62, 69], [75, 68, 85, 56, 39, 26, 72, 71, 55, 37, 38, 65, 38, 36, 56, 7, 71, 58, 57, 61, 47], [80, 36, 23, 16, 70, 17, 57, 51, 44, 49, 16, 50, 61, 41, 53, 45, 58, 35, 57, 30, 42], [52, 60, 59, 69, 69, 59, 51, 71, 80, 37, 88, 40, 8, 11, 72, 54, 57, 57, 94, 16, 52], [33, 48, 37, 43, 36, 52, 56, 82, 44, 30, 38, 33, 81, 31, 69, 62, 61, 30, 16, 65, 32], [49, 75, 21, 58, 18, 51, 39, 59, 44, 20, 46, 73, 42, 92, 43, 69, 47, 42, 52, 32, 89]]",1057.8088935
"[[69, 21, 38, 21, 72, 52, 67, 52, 49, 23, 62, 25, 46, 51, 32, 10, 39, 48, 50, 50, 60, 15], [21, 11, 29, 31, 88, 45, 77, 70, 35, 34, 53, 24, 84, 64, 38, 89, 39, 88, 52, 58, 63, 62], [38, 29, 81, 46, 46, 44, 81, 61, 35, 60, 40, 60, 51, 37, 46, 36, 66, 13, 12, 89, 47, 70], [21, 31, 46, 25, 89, 64, 82, 87, 48, 38, 70, 36, 56, 57, 59, 63, 39, 57, 76, 64, 52, 56], [72, 88, 46, 89, 81, 24, 29, 60, 62, 35, 41, 49, 62, 39, 61, 33, 57, 55, 60, 51, 58, 58], [52, 45, 44, 64, 24, 89, 38, 52, 45, 75, 61, 60, 56, 48, 13, 12, 40, 36, 64, 60, 26, 56], [67, 77, 81, 82, 29, 38, 89, 53, 61, 54, 75, 84, 35, 17, 27, 29, 60, 27, 64, 26, 62, 60], [52, 70, 61, 87, 60, 52, 53, 90, 30, 87, 12, 58, 57, 89, 22, 43, 39, 23, 28, 68, 31, 28], [49, 35, 35, 48, 62, 45, 61, 30, 68, 76, 61, 59, 37, 66, 21, 27, 52, 60, 11, 25, 68, 40], [23, 34, 60, 38, 35, 75, 54, 87, 76, 60, 65, 37, 44, 22, 48, 61, 42, 27, 67, 9, 67, 44], [62, 53, 40, 70, 41, 61, 75, 12, 61, 65, 11, 83, 50, 67, 65, 60, 30, 56, 81, 65, 36, 37], [25, 24, 60, 36, 49, 60, 84, 58, 59, 37, 83, 81, 32, 79, 59, 31, 97, 66, 42, 46, 89, 34], [46, 84, 51, 56, 62, 56, 35, 57, 37, 44, 50, 32, 16, 43, 14, 73, 55, 37, 22, 52, 59, 26], [51, 64, 37, 57, 39, 48, 17, 89, 66, 22, 67, 79, 43, 31, 52, 58, 25, 12, 50, 77, 37, 23], [32, 38, 46, 59, 61, 13, 27, 22, 21, 48, 65, 59, 14, 52, 91, 31, 53, 46, 28, 46, 20, 16], [10, 89, 36, 63, 33, 12, 29, 43, 27, 61, 60, 31, 73, 58, 31, 10, 12, 35, 35, 45, 73, 44], [39, 39, 66, 39, 57, 40, 60, 39, 52, 42, 30, 97, 55, 25, 53, 12, 99, 42, 75, 79, 86, 57], [48, 88, 13, 57, 55, 36, 27, 23, 60, 27, 56, 66, 37, 12, 46, 35, 42, 85, 55, 20, 80, 68], [50, 52, 12, 76, 60, 64, 64, 28, 11, 67, 81, 42, 22, 50, 28, 35, 75, 55, 52, 39, 55, 83], [50, 58, 89, 64, 51, 60, 26, 68, 25, 9, 65, 46, 52, 77, 46, 45, 79, 20, 39, 43, 66, 31], [60, 63, 47, 52, 58, 26, 62, 31, 68, 67, 36, 89, 59, 37, 20, 73, 86, 80, 55, 66, 95, 95], [15, 62, 70, 56, 58, 56, 60, 28, 40, 44, 37, 34, 26, 23, 16, 44, 57, 68, 83, 31, 95, 50]]",1110.1776686
"[[68, 19, 44, 62, 77, 5, 67, 28, 22, 47, 39, 24, 75, 41, 53, 46, 56, 35, 68, 42, 50, 67], [19, 2, 84, 70, 34, 49, 67, 61, 51, 55, 57, 74, 41, 64, 68, 92, 42, 42, 40, 31, 24, 36], [44, 84, 69, 31, 67, 35, 42, 55, 29, 73, 56, 24, 78, 74, 29, 13, 38, 19, 8, 49, 50, 50], [62, 70, 31, 85, 47, 80, 26, 34, 51, 84, 48, 17, 60, 45, 15, 67, 73, 59, 57, 38, 56, 29], [77, 34, 67, 47, 31, 58, 23, 58, 62, 54, 57, 16, 18, 33, 41, 55, 10, 45, 42, 81, 71, 69], [5, 49, 35, 80, 58, 37, 62, 40, 50, 42, 29, 49, 57, 35, 36, 40, 52, 74, 28, 47, 63, 32], [67, 67, 42, 26, 23, 62, 45, 50, 22, 39, 55, 36, 42, 91, 57, 53, 82, 57, 45, 25, 53, 23], [28, 61, 55, 34, 58, 40, 50, 99, 77, 13, 55, 43, 65, 21, 50, 62, 67, 52, 60, 41, 62, 31], [22, 51, 29, 51, 62, 50, 22, 77, 37, 18, 8, 42, 67, 35, 74, 47, 52, 16, 72, 68, 91, 44], [47, 55, 73, 84, 54, 42, 39, 13, 18, 97, 53, 63, 18, 36, 40, 39, 40, 35, 43, 23, 63, 74], [39, 57, 56, 48, 57, 29, 55, 55, 8, 53, 53, 24, 63, 36, 71, 44, 41, 22, 67, 37, 45, 40], [24, 74, 24, 17, 16, 49, 36, 43, 42, 63, 24, 11, 30, 43, 93, 66, 54, 60, 23, 44, 15, 23], [75, 41, 78, 60, 18, 57, 42, 65, 67, 18, 63, 30, 79, 37, 27, 36, 64, 74, 65, 48, 47, 17], [41, 64, 74, 45, 33, 35, 91, 21, 35, 36, 36, 43, 37, 21, 73, 56, 48, 63, 38, 24, 48, 69], [53, 68, 29, 15, 41, 36, 57, 50, 74, 40, 71, 93, 27, 73, 95, 80, 21, 78, 71, 70, 29, 48], [46, 92, 13, 67, 55, 40, 53, 62, 47, 39, 44, 66, 36, 56, 80, 74, 33, 46, 9, 63, 48, 72], [56, 42, 38, 73, 10, 52, 82, 67, 52, 40, 41, 54, 64, 48, 21, 33, 83, 12, 81, 86, 56, 43], [35, 42, 19, 59, 45, 74, 57, 52, 16, 35, 22, 60, 74, 63, 78, 46, 12, 49, 36, 60, 22, 41], [68, 40, 8, 57, 42, 28, 45, 60, 72, 43, 67, 23, 65, 38, 71, 9, 81, 36, 88, 44, 80, 47], [42, 31, 49, 38, 81, 47, 25, 41, 68, 23, 37, 44, 48, 24, 70, 63, 86, 60, 44, 40, 61, 46], [50, 24, 50, 56, 71, 63, 53, 62, 91, 63, 45, 15, 47, 48, 29, 48, 56, 22, 80, 61, 4, 11], [67, 36, 50, 29, 69, 32, 23, 31, 44, 74, 40, 23, 17, 69, 48, 72, 43, 41, 47, 46, 11, 33]]",1063.367618
